5 16
6 16
7 16
8 16
9 16
9 15
9 14
9 13
9 12
9 11
9 10
9 9
9 8
9 7
10 7
11 7
12 7
13 7
14 7
15 7
16 7
16 8
16 9
16 10
16 11
16 12
16 13
16 14
16 15
16 16
16 17
16 18
16 19
16 20
16 21
16 22
16 23
16 24
16 25
16 26
16 27
17 27
18 27
19 27
20 27
21 27
22 27
23 27
24 27
25 27
26 27
27 27
28 27
28 26
28 25
28 24
28 23
28 22
28 21
28 20
28 19
28 18
28 17
28 16
28 15
28 14
28 13
28 12
28 11
28 10
28 9
29 9
30 9
31 9
32 9
33 9
34 9
35 9
36 9
37 9
38 9
39 9
40 9
40 10
40 11
40 12
40 13
40 14
40 15
40 16
40 17
40 18
40 19
40 20
40 21
40 22
40 23
40 24
40 25
40 26
40 27
40 28
40 29
40 30
41 30
42 30
43 30
44 30
45 30
46 30
47 30
48 30
49 30
50 30
51 30
52 30
52 29
52 28
52 27
52 26
52 25
52 24
52 23
53 23
54 23
55 23
56 23
57 23
58 23
58 22
58 21
58 20
58 19
58 18
58 17
58 16
59 16
60 16
61 16
62 16
63 16
64 16
65 16
