2 6
3 6
4 6
5 6
6 6
7 6
8 6
9 6
10 6
11 6
12 6
13 6
14 6
15 6
16 6
17 6
18 6
19 6
20 6
21 6
22 6
23 6
24 6
25 6
26 6
27 6
28 6
29 6
30 6
31 6
32 6
33 6
34 6
34 7
34 8
34 9
34 10
34 11
34 12
34 13
34 14
34 15
34 16
34 17
34 18
34 19
34 20
34 21
34 22
34 23
34 24
34 25
33 25
32 25
31 25
30 25
29 25
28 25
27 25
26 25
25 25
24 25
23 25
22 25
21 25
20 25
19 25
18 25
18 24
18 23
18 22
18 21
18 20
18 19
18 18
19 18
20 18
21 18
22 18
23 18
24 18
25 18
26 18
27 18
28 18
29 18
30 18
30 17
30 16
30 15
30 14
30 13
30 12
30 11
30 10
30 9
29 9
28 9
27 9
26 9
25 9
24 9
23 9
22 9
21 9
20 9
19 9
18 9
17 9
16 9
15 9
14 9
13 9
12 9
11 9
10 9
10 10
10 11
10 12
10 13
10 14
10 15
10 16
10 17
10 18
10 19
10 20
10 21
10 22
10 23
10 24
10 25
10 26
10 27
10 28
10 29
10 30
11 30
12 30
13 30
14 30
15 30
16 30
17 30
18 30
19 30
20 30
21 30
22 30
23 30
24 30
25 30
26 30
27 30
28 30
29 30
30 30
31 30
32 30
33 30
34 30
35 30
36 30
37 30
38 30
39 30
40 30
41 30
42 30
43 30
44 30
45 30
45 29
45 28
45 27
45 26
45 25
45 24
45 23
45 22
45 21
45 20
45 19
45 18
45 17
45 16
45 15
45 14
45 13
45 12
46 12
47 12
48 12
49 12
50 12
51 12
52 12
53 12
54 12
55 12
56 12
57 12
58 12
59 12
